-12.22814,-76.9274
-12.22815,-76.92741
-12.2282,-76.9275
-12.22825,-76.92759
-12.2283,-76.92763
-12.22831,-76.92767
-12.22835,-76.92775
-12.22842,-76.92782
-12.22882,-76.92853
-12.22905,-76.92891
-12.22928,-76.9293
-12.22973,-76.93008
-12.22977,-76.93016
-12.23024,-76.93096
-12.23045,-76.93134
-12.23068,-76.93174
-12.23116,-76.93254
-12.23122,-76.93261
-12.23169,-76.93299
-12.23198,-76.9332
-12.2324,-76.93352
-12.23265,-76.9337
-12.23303,-76.93398
-12.23312,-76.93404
-12.23368,-76.93445
-12.23388,-76.9346
-12.23394,-76.93464
-12.23401,-76.9347
-12.23397,-76.93475
-12.23394,-76.93479
-12.23394,-76.93479
-12.23261,-76.93669
-12.23254,-76.93679
-12.23246,-76.93686
-12.23239,-76.93691
-12.232,-76.93714
-12.2314,-76.93747
-12.23104,-76.93769
-12.23099,-76.93772
-12.23092,-76.93776
-12.23086,-76.9378
-12.23069,-76.93789
-12.23069,-76.93789
-12.22864,-76.93912
-12.2286,-76.93914
-12.22851,-76.9392
-12.22847,-76.93922
-12.22825,-76.93936
-12.22825,-76.93936
-12.22677,-76.94025
-12.22623,-76.94057
-12.22619,-76.9406
-12.22613,-76.94063
-12.22573,-76.94087
-12.22565,-76.94092
-12.22559,-76.94095
-12.22546,-76.94103
-12.22546,-76.94103
-12.22526,-76.94115
-12.22337,-76.94227
-12.22332,-76.9423
-12.22324,-76.94235
-12.22317,-76.94239
-12.22315,-76.94241
-12.22282,-76.9426
-12.22098,-76.94371
-12.22092,-76.94374
-12.22085,-76.94379
-12.22078,-76.94383
-12.22069,-76.94389
-12.22069,-76.94389
-12.21853,-76.94517
-12.21845,-76.94522
-12.21828,-76.94533
-12.2182,-76.94538
-12.21809,-76.94544
-12.218,-76.9455
-12.218,-76.9455
-12.21729,-76.94593
-12.21729,-76.94593
-12.21586,-76.94678
-12.21582,-76.94681
-12.21576,-76.94684
-12.21568,-76.94689
-12.21496,-76.94732
-12.21496,-76.94732
-12.21379,-76.94802
-12.2135,-76.9482
-12.2134,-76.94826
-12.21337,-76.94827
-12.21331,-76.9483
-12.21324,-76.94833
-12.21317,-76.94838
-12.21311,-76.94843
-12.21306,-76.94847
-12.21294,-76.94854
-12.21186,-76.94919
-12.21076,-76.94986
-12.21072,-76.94988
-12.21063,-76.94994
-12.21057,-76.94997
-12.21025,-76.95016
-12.20991,-76.95036
-12.20991,-76.95036
-12.20947,-76.95063
-12.20869,-76.95108
-12.20834,-76.95129
-12.20829,-76.95132
-12.20823,-76.95136
-12.20818,-76.9514
-12.20807,-76.95146
-12.20807,-76.95146
-12.20673,-76.95227
-12.20673,-76.95227
-12.20608,-76.95267
-12.20594,-76.95272
-12.20583,-76.95276
-12.20567,-76.95285
-12.20562,-76.95288
-12.2055,-76.95295
-12.2055,-76.95295
-12.20545,-76.95299
-12.20534,-76.95309
-12.20533,-76.95311
-12.20502,-76.95328
-12.20502,-76.95328
-12.20499,-76.9533
-12.20419,-76.95378
-12.20344,-76.95424
-12.20316,-76.95441
-12.20311,-76.95444
-12.20305,-76.95448
-12.20298,-76.95452
-12.20291,-76.95456
-12.20259,-76.95476
-12.20211,-76.95505
-12.20181,-76.95523
-12.20103,-76.9557
-12.20071,-76.95589
-12.20064,-76.95593
-12.20057,-76.95597
-12.20053,-76.956
-12.19949,-76.95664
-12.19832,-76.95735
-12.19824,-76.9574
-12.198,-76.95755
-12.19792,-76.9576
-12.19785,-76.95764
-12.1975,-76.95785
-12.19727,-76.95799
-12.1972,-76.95803
-12.19663,-76.95838
-12.19646,-76.95849
-12.19646,-76.95849
-12.19595,-76.95879
-12.19595,-76.95879
-12.19564,-76.95898
-12.19554,-76.95905
-12.19549,-76.95907
-12.19538,-76.95914
-12.19514,-76.95928
-12.19478,-76.95951
-12.19431,-76.9598
-12.19394,-76.96002
-12.1936,-76.96022
-12.19295,-76.96061
-12.19295,-76.96061
-12.19276,-76.96073
-12.19272,-76.96075
-12.19264,-76.9608
-12.19263,-76.9608
-12.19262,-76.9608
-12.1926,-76.9608
-12.19255,-76.96082
-12.19251,-76.96085
-12.19248,-76.96089
-12.19247,-76.96092
-12.19246,-76.96093
-12.19245,-76.96099
-12.19246,-76.96104
-12.19248,-76.96109
-12.19252,-76.96113
-12.19256,-76.96116
-12.1926,-76.96141
-12.19261,-76.96145
-12.19322,-76.96693
-12.19321,-76.96708
-12.19315,-76.96741
-12.19305,-76.96801
-12.19276,-76.96956
-12.19276,-76.96956
-12.19272,-76.96975
-12.1926,-76.97045
-12.19259,-76.97053
-12.19259,-76.97053
-12.19227,-76.97183
-12.19227,-76.97183
-12.19213,-76.97209
-12.19213,-76.97209
-12.19195,-76.97227
-12.19195,-76.97227
-12.19174,-76.97239
-12.19174,-76.97239
-12.19144,-76.97245
-12.19144,-76.97245
-12.19082,-76.97258
-12.19082,-76.97258
-12.19012,-76.97283
-12.19012,-76.97283
-12.18967,-76.97303
-12.18967,-76.97303
-12.18938,-76.97315
-12.18938,-76.97315
-12.18867,-76.97344
-12.18867,-76.97344
-12.18815,-76.9736
-12.18815,-76.9736
-12.18737,-76.97385
-12.18737,-76.97385
-12.1804,-76.97608
-12.1804,-76.97608
-12.17495,-76.97781
-12.17495,-76.97781
-12.17329,-76.97832
-12.17329,-76.97832
-12.17112,-76.97903
-12.17112,-76.97903
-12.16372,-76.9812
-12.16372,-76.9812
-12.15659,-76.98331
-12.15659,-76.98331
-12.15533,-76.9836
-12.15533,-76.9836
-12.15424,-76.98373
-12.15424,-76.98373
-12.15313,-76.98373
-12.15313,-76.98373
-12.15214,-76.98367
-12.15214,-76.98367
-12.15109,-76.9835
-12.15109,-76.9835
-12.14994,-76.98316
-12.14994,-76.98316
-12.14762,-76.98238
-12.14762,-76.98238
-12.14589,-76.98194
-12.14589,-76.98194
-12.14491,-76.98176
-12.14491,-76.98176
-12.1432,-76.98146
-12.1432,-76.98146
-12.14277,-76.98139
-12.14277,-76.98139
-12.13808,-76.98056
-12.13808,-76.98056
-12.13655,-76.98021
-12.13655,-76.98021
-12.13387,-76.97919
-12.13387,-76.97919
-12.13235,-76.97861
-12.13235,-76.97861
-12.1297,-76.97758
-12.1297,-76.97758
-12.1284,-76.9771
-12.1284,-76.9771
-12.12772,-76.97694
-12.12772,-76.97694
-12.12722,-76.9769
-12.12722,-76.9769
-12.12611,-76.97688
-12.12611,-76.97688
-12.12449,-76.97695
-12.12449,-76.97695
-12.12001,-76.97708
-12.12001,-76.97708
-12.11814,-76.97714
-12.11814,-76.97714
-12.11673,-76.97727
-12.11673,-76.97727
-12.11424,-76.97761
-12.11424,-76.97761
-12.11259,-76.97785
-12.11259,-76.97785
-12.11068,-76.97813
-12.11068,-76.97813
-12.11066,-76.97814
-12.11066,-76.97814
-12.10655,-76.97866
-12.10655,-76.97866
-12.10386,-76.97905
-12.10386,-76.97905
-12.10189,-76.97932
-12.10189,-76.97932
-12.09939,-76.97964
-12.09939,-76.97964
-12.09781,-76.97986
-12.09781,-76.97986
-12.0957,-76.98013
-12.0957,-76.98013
-12.09342,-76.98048
-12.09342,-76.98048
-12.09154,-76.98074
-12.09154,-76.98074
-12.09088,-76.98078
-12.09088,-76.98078
-12.09017,-76.98087
-12.09017,-76.98087
-12.08943,-76.98094
-12.08943,-76.98094
-12.08849,-76.98107
-12.08849,-76.98107
-12.08804,-76.98117
-12.08804,-76.98117
-12.08767,-76.98134
-12.08767,-76.98134
-12.08692,-76.98178
-12.08692,-76.98178
-12.08657,-76.98195
-12.08657,-76.98195
-12.08606,-76.98213
-12.08606,-76.98213
-12.0857,-76.9822
-12.0857,-76.9822
-12.08528,-76.98215
-12.08528,-76.98215
-12.08489,-76.982
-12.08489,-76.982
-12.08451,-76.98169
-12.08451,-76.98169
-12.08413,-76.9813
-12.08413,-76.9813
-12.08406,-76.98112
-12.08406,-76.98112
-12.08406,-76.98111
-12.08391,-76.98082
-12.08386,-76.98073
-12.08376,-76.98066
-12.08372,-76.98062
-12.08336,-76.98032
-12.08294,-76.98001
-12.08294,-76.98001
-12.08276,-76.97984
-12.08276,-76.97984
-12.08194,-76.97898
-12.08194,-76.97898
-12.08076,-76.97773
-12.08076,-76.97773
-12.07996,-76.97706
-12.07996,-76.97706
-12.07901,-76.9764
-12.07901,-76.9764
-12.07809,-76.97592
-12.07809,-76.97592
-12.07664,-76.97531
-12.07664,-76.97531
-12.07384,-76.97412
-12.07384,-76.97412
-12.071,-76.97291
-12.071,-76.97291
-12.06839,-76.97183
-12.06839,-76.97183
-12.0677,-76.97156
-12.0677,-76.97156
-12.06692,-76.97135
-12.06692,-76.97135
-12.06652,-76.97129
-12.06652,-76.97129
-12.06618,-76.97125
-12.06618,-76.97125
-12.06516,-76.97121
-12.06516,-76.97121
-12.0643,-76.97122
-12.0643,-76.97122
-12.06343,-76.97133
-12.06343,-76.97133
-12.0627,-76.97149
-12.0627,-76.97149
-12.06216,-76.97165
-12.06216,-76.97165
-12.06158,-76.97186
-12.06158,-76.97186
-12.06132,-76.97192
-12.06132,-76.97192
-12.06119,-76.97195
-12.06077,-76.9721
-12.06037,-76.97225
-12.0602,-76.97233
-12.0602,-76.97233
-12.05975,-76.97253
-12.05931,-76.97274
-12.05891,-76.97295
-12.05877,-76.97305
-12.05877,-76.97305
-12.05849,-76.97322
-12.05849,-76.97322
-12.0577,-76.97356
-12.0577,-76.97356
-12.05714,-76.9738
-12.05714,-76.9738
-12.05613,-76.97425
-12.05613,-76.97425
-12.05507,-76.97471
-12.05507,-76.97471
-12.05328,-76.97549
-12.05328,-76.97549
-12.05227,-76.97601
-12.05227,-76.97601
-12.0513,-76.97671
-12.0513,-76.97671
-12.05063,-76.97725
-12.05063,-76.97725
-12.04996,-76.97803
-12.04996,-76.97803
-12.04661,-76.98182
-12.04661,-76.98182
-12.04323,-76.98563
-12.04323,-76.98563
-12.04233,-76.9865
-12.04233,-76.9865
-12.04113,-76.98731
-12.04113,-76.98731
-12.03988,-76.9879
-12.03988,-76.9879
-12.0386,-76.98829
-12.0386,-76.98829
-12.03612,-76.98896
-12.03612,-76.98896
-12.03529,-76.98925
-12.03529,-76.98925
-12.03472,-76.98949
-12.03472,-76.98949
-12.03348,-76.99024
-12.03348,-76.99024
-12.03227,-76.99123
-12.03227,-76.99123
-12.03123,-76.99238
-12.03123,-76.99238
-12.03059,-76.99319
-12.03059,-76.99319
-12.02991,-76.99435
-12.02991,-76.99435
-12.0293,-76.99548
-12.0293,-76.99548
-12.02903,-76.99639
-12.02903,-76.99639
-12.02897,-76.99743
-12.02897,-76.99743
-12.02914,-76.99825
-12.02914,-76.99825
-12.02978,-76.99992
-12.02978,-76.99992
-12.03062,-77.00213
-12.03062,-77.00213
-12.03185,-77.00531
-12.03185,-77.00531
-12.03283,-77.0071
-12.03283,-77.0071
-12.0335,-77.00816
-12.0335,-77.00816
-12.03428,-77.00931
-12.03428,-77.00931
-12.03503,-77.0103
-12.03503,-77.0103
-12.03529,-77.01074
-12.03529,-77.01074
-12.0361,-77.01197
-12.0361,-77.01197
-12.03634,-77.01235
-12.03634,-77.01235
-12.03658,-77.01269
-12.03658,-77.01269
-12.03686,-77.01302
-12.03686,-77.01302
-12.03716,-77.01329
-12.03716,-77.01329
-12.03737,-77.01343
-12.03737,-77.01343
-12.03764,-77.0136
-12.03764,-77.0136
-12.03808,-77.01379
-12.03808,-77.01379
-12.03869,-77.01392
-12.03869,-77.01392
-12.03919,-77.01397
-12.03919,-77.01397
-12.03969,-77.01401
-12.03969,-77.01401
-12.04033,-77.01419
-12.04033,-77.01419
-12.04084,-77.01442
-12.04084,-77.01442
-12.04121,-77.01471
-12.04121,-77.01471
-12.04173,-77.01517
-12.04173,-77.01517
-12.04229,-77.01585
-12.04229,-77.01585
-12.0428,-77.01658
-12.0428,-77.01658
-12.04323,-77.01722
-12.04323,-77.01722
-12.04336,-77.01764
-12.04336,-77.01764
-12.04345,-77.01819
-12.04345,-77.01819
-12.04346,-77.01858
-12.04346,-77.01858
-12.04342,-77.01955
-12.04342,-77.01955
-12.04332,-77.02052
-12.04332,-77.02052
-12.04336,-77.02145
-12.04336,-77.02145
-12.0436,-77.02409
-12.0436,-77.02409
-12.04357,-77.02512
-12.04357,-77.02512
-12.04342,-77.02693
-12.04342,-77.02693
-12.04336,-77.02905
-12.04336,-77.02905
-12.04325,-77.02971
-12.04325,-77.02971
-12.04304,-77.03032
-12.04304,-77.03032
-12.04232,-77.03191
-12.04232,-77.03191
-12.0413,-77.03388
-12.0413,-77.03388
-12.04038,-77.03558
-12.04038,-77.03558
-12.03934,-77.0376
-12.03934,-77.0376
-12.03912,-77.03815
-12.03912,-77.03815
-12.03889,-77.03887
-12.03889,-77.03887
-12.03875,-77.0395
-12.03875,-77.0395
-12.03866,-77.04001
-12.03866,-77.04001
-12.03859,-77.04124
-12.03859,-77.04124
-12.03851,-77.04189
-12.03851,-77.04189
-12.03845,-77.0421
-12.03845,-77.0421
-12.03809,-77.04285
-12.03809,-77.04285
-12.03698,-77.04463
-12.03698,-77.04463
-12.03649,-77.04496
-12.03649,-77.04496
-12.03623,-77.04514
-12.03623,-77.04514
-12.036,-77.04538
-12.036,-77.04538
-12.03584,-77.04568
-12.03584,-77.04568
-12.03577,-77.04596
-12.03577,-77.04596
-12.03562,-77.04684
-12.03562,-77.04684
-12.03544,-77.0477
-12.03544,-77.0477
-12.03542,-77.04802
-12.03542,-77.04802
-12.03523,-77.0487
-12.03523,-77.0487
-12.03467,-77.0502
-12.03467,-77.0502
-12.03401,-77.05184
-12.03401,-77.05184
-12.03347,-77.05312
-12.03347,-77.05312
-12.03322,-77.05364
-12.03322,-77.05364
-12.03276,-77.05442
-12.03276,-77.05442
-12.03219,-77.0552
-12.03219,-77.0552
-12.03148,-77.05595
-12.03148,-77.05595
-12.03132,-77.0561
-12.03132,-77.0561
-12.03111,-77.05618
-12.03111,-77.05618
-12.03084,-77.05637
-12.03084,-77.05637
-12.03071,-77.05647
-12.02994,-77.05698
-12.02994,-77.05698
-12.02961,-77.05722
-12.02944,-77.0573
-12.02922,-77.05738
-12.02915,-77.0574
-12.02915,-77.0574
-12.02907,-77.05742
-12.02889,-77.05743
-12.0287,-77.05747
-12.02865,-77.05746
-12.0286,-77.05746
-12.02844,-77.05748
-12.0283,-77.05756
-12.02819,-77.05767
-12.02817,-77.05771
-12.02816,-77.05774
-12.02807,-77.0578
-12.02797,-77.05789
-12.02791,-77.05793
-12.0279,-77.05793
-12.0279,-77.05793
-12.02786,-77.05795
-12.02765,-77.05801
-12.02746,-77.05806
-12.02724,-77.0581
-12.02638,-77.05823
-12.02619,-77.05826
-12.0261,-77.05827
-12.02599,-77.05829
-12.02464,-77.05851
-12.02464,-77.05851
-12.02424,-77.05857
-12.02362,-77.05868
-12.02338,-77.05872
-12.02303,-77.05877
-12.02276,-77.05882
-12.02265,-77.05883
-12.02265,-77.05883
-12.0224,-77.05891
-12.0224,-77.05891
-12.02217,-77.05896
-12.02217,-77.05896
-12.02204,-77.05904
-12.02204,-77.05904
-12.02103,-77.05918
-12.02103,-77.05918
-12.01863,-77.05956
-12.01863,-77.05956
-12.01688,-77.05983
-12.01688,-77.05983
-12.01534,-77.06006
-12.01534,-77.06006
-12.01373,-77.06033
-12.01373,-77.06033
-12.01325,-77.0604
-12.01325,-77.0604
-12.01204,-77.06053
-12.01204,-77.06053
-12.0118,-77.06048
-12.0118,-77.06048
-12.01149,-77.06048
-12.01149,-77.06048
-12.01046,-77.06065
-12.01046,-77.06065
-12.01015,-77.06071
-12.01015,-77.06071
-12.00973,-77.06078
-12.00973,-77.06078
-12.00931,-77.06088
-12.00931,-77.06088
-12.00909,-77.06092
-12.00909,-77.06092
-12.00885,-77.06096
-12.00885,-77.06096
-12.00883,-77.06094
-12.00877,-77.06088
-12.00865,-77.06083
-12.00853,-77.06082
-12.0084,-77.06084
-12.00829,-77.0609
-12.0082,-77.06099
-12.00819,-77.06101
-12.00816,-77.06107
-12.00814,-77.06114
-12.008,-77.06119
-12.00789,-77.06124
-12.00784,-77.06125
-12.00784,-77.06125
-12.00782,-77.06126
-12.00774,-77.06128
-12.00732,-77.06135
-12.00654,-77.06147
-12.00637,-77.0615
-12.00637,-77.0615
-12.00557,-77.06161
-12.00495,-77.06168
-12.00489,-77.06168
-12.00461,-77.06168
-12.00451,-77.06162
-12.0044,-77.06158
-12.0043,-77.06159
-12.00421,-77.06162
-12.00412,-77.06168
-12.00409,-77.06172
-12.00391,-77.06174
-12.00368,-77.06176
-12.00368,-77.06176
-12.00351,-77.06178
-12.00332,-77.06181
-12.00315,-77.06183
-12.00256,-77.06192
-12.0016,-77.0621
-12.00133,-77.0621
-12.00087,-77.06214
-12.00027,-77.06225
-12.00027,-77.06225
-11.99991,-77.06232
-11.99901,-77.06249
-11.9989,-77.06251
-11.99784,-77.06267
-11.99765,-77.0627
-11.99683,-77.06284
-11.9966,-77.06287
-11.99641,-77.06291
-11.99589,-77.06299
-11.99543,-77.06306
-11.99418,-77.06325
-11.99406,-77.06327
-11.99346,-77.06336
-11.99346,-77.06336
-11.99324,-77.06339
-11.99313,-77.06341
-11.9915,-77.06368
-11.99142,-77.06371
-11.99112,-77.06374
-11.99064,-77.0637
-11.99052,-77.06369
-11.99051,-77.06369
-11.99041,-77.06367
-11.9902,-77.06364
-11.99015,-77.06362
-11.99005,-77.06358
-11.98996,-77.06358
-11.98986,-77.0636
-11.98978,-77.06365
-11.98975,-77.06368
-11.98973,-77.06369
-11.98969,-77.06373
-11.98965,-77.06381
-11.98963,-77.06392
-11.98963,-77.06403
-11.98963,-77.06412
-11.98964,-77.06417
-11.98965,-77.06426
-11.98966,-77.06433
-11.98968,-77.06441
-11.9897,-77.06447
-11.98974,-77.06453
-11.98977,-77.06459
-11.98983,-77.06463
-11.98987,-77.06466
-11.98988,-77.06467
-11.98998,-77.06476
-11.99003,-77.06482
-11.99005,-77.06486
-11.99007,-77.0649
-11.99007,-77.06491
-11.9901,-77.06499
-11.9901,-77.065
-11.9901,-77.065
-11.99013,-77.06519
-11.99029,-77.06639
-11.9903,-77.06647
-11.99039,-77.06714
-11.99055,-77.06815
-11.99057,-77.06831
-11.99061,-77.06858
-11.99064,-77.06879
-11.99065,-77.06886
-11.99092,-77.07061
-11.99103,-77.07133
-11.99105,-77.07145
-11.99106,-77.0715
-11.99107,-77.0716
-11.9911,-77.07177
-11.99111,-77.07187
-11.99152,-77.07445
-11.99155,-77.07464
-11.99157,-77.07478
-11.99161,-77.07504
-11.99161,-77.07514
-11.99162,-77.07522
-11.99162,-77.07544
-11.99159,-77.07589
-11.99159,-77.07589
-11.99157,-77.07633
-11.99157,-77.07647
-11.99155,-77.07678
-11.99151,-77.07772
-11.99142,-77.07952
-11.99139,-77.0802
-11.99139,-77.08023
-11.99138,-77.08028
-11.99137,-77.08045
-11.99136,-77.08066
-11.99134,-77.08093
-11.99129,-77.0816
-11.99128,-77.0817
-11.9912,-77.08166
-11.99094,-77.08159
-11.99077,-77.08155
-11.99077,-77.08155
-11.99045,-77.08147
-11.99024,-77.08143
-11.99023,-77.08143
-11.98974,-77.08133
-11.98939,-77.08121
-11.98902,-77.08102
-11.98868,-77.08084
-11.98817,-77.08058
-11.98777,-77.08035
-11.98737,-77.08014
-11.98673,-77.0798
-11.98555,-77.07915
-11.98553,-77.07914
-11.98512,-77.0789
-11.98469,-77.07866
-11.98436,-77.07854
-11.98399,-77.07841
-11.98352,-77.07831
-11.98346,-77.0783
-11.98334,-77.07828
-11.98317,-77.07825
-11.983,-77.07822
-11.98253,-77.07813
-11.98253,-77.07813
-11.98216,-77.07806
-11.98203,-77.07802
-11.98192,-77.078
-11.98147,-77.07791
-11.98138,-77.07788
-11.98108,-77.0778
-11.97947,-77.07727
-11.97851,-77.07693
-11.97842,-77.07689
-11.97834,-77.07686
-11.97822,-77.07683
-11.97813,-77.0768
-11.97802,-77.07678
-11.97782,-77.07768
-11.97778,-77.07786
-11.97775,-77.07797
-11.97768,-77.0783
-11.97768,-77.0783
-11.97705,-77.08101
-11.97697,-77.08137
-11.97674,-77.08232
-11.97666,-77.08273
-11.97661,-77.08296
-11.97659,-77.08301
-11.97657,-77.0831
-11.97656,-77.08318
-11.97654,-77.08325
-11.97641,-77.08383
-11.97623,-77.0846
-11.97614,-77.0849
-11.97603,-77.08519
-11.97594,-77.08538
-11.9758,-77.08566
-11.97557,-77.08597
-11.97538,-77.08619
-11.97519,-77.0864
-11.97484,-77.08676
-11.97449,-77.08713
-11.97442,-77.08719
-11.97442,-77.08719
-11.97435,-77.08725
-11.97431,-77.08728
-11.97421,-77.08732
-11.97412,-77.08735
-11.97401,-77.08736
-11.97398,-77.08737
-11.97386,-77.08737
-11.97379,-77.08737
-11.97372,-77.08737
-11.97357,-77.08728
-11.97346,-77.08719
-11.97339,-77.08713
-11.97337,-77.08711
-11.97334,-77.08708
-11.97329,-77.08704
-11.97298,-77.08678
-11.97258,-77.08642
-11.97228,-77.08616
-11.97188,-77.08582
-11.97156,-77.08553
-11.97135,-77.08535
-11.97107,-77.08514
-11.97092,-77.08503
-11.97089,-77.08501
-11.97076,-77.08491
-11.97076,-77.08491
-11.97048,-77.08472
-11.97015,-77.08451
-11.96973,-77.08428
-11.96928,-77.08408
-11.96884,-77.08388
-11.96844,-77.08372
-11.96835,-77.08369
-11.96829,-77.08367
-11.96815,-77.08363
-11.96795,-77.08359
-11.96769,-77.08354
-11.96745,-77.08349
-11.967,-77.0834
-11.96619,-77.0833
-11.96586,-77.08327
-11.96542,-77.08328
-11.96486,-77.08331
-11.96451,-77.08336
-11.96435,-77.08338
-11.96401,-77.08344
-11.96354,-77.0835
-11.96321,-77.08356
-11.96281,-77.08362
-11.96239,-77.08369
-11.96208,-77.08397
-11.96224,-77.08395
-11.96238,-77.08393
-11.96419,-77.08367
-11.96462,-77.08361
-11.96572,-77.08354
-11.9658,-77.08354
-11.96698,-77.08364
-11.96805,-77.08385
-11.96824,-77.08393
-11.96833,-77.08396
-11.96867,-77.08408
-11.96867,-77.08408
-11.96902,-77.0842
-11.96986,-77.08462
-11.97064,-77.08509
-11.97069,-77.08513
-11.97137,-77.08568
-11.97279,-77.08686
-11.97291,-77.08696
-11.97305,-77.0871
-11.97305,-77.08711
-11.97305,-77.08711
-11.97314,-77.08725
-11.97314,-77.08726
-11.97321,-77.08745
-11.97325,-77.08762
-11.97327,-77.08775
-11.97325,-77.08786
-11.97328,-77.08801
-11.97334,-77.08814
-11.97344,-77.08825
-11.97356,-77.08832
-11.97364,-77.08835
-11.97372,-77.08836
-11.97379,-77.08836
-11.97381,-77.08835
-11.97393,-77.08832
-11.97405,-77.08824
-11.97414,-77.08814
-11.9742,-77.08802
-11.97422,-77.08788
-11.97422,-77.0878
-11.97442,-77.08746
-11.97444,-77.08743
-11.97449,-77.08735
-11.97461,-77.08719
-11.97487,-77.0869
-11.97487,-77.0869
-11.97492,-77.08686
-11.97519,-77.08656
-11.9755,-77.08622
-11.97554,-77.08618
-11.97579,-77.08585
-11.97581,-77.08583
-11.97602,-77.08549
-11.97607,-77.08538
-11.97616,-77.08518
-11.9762,-77.08507
-11.97625,-77.08494
-11.97627,-77.08486
-11.97638,-77.08446
-11.97647,-77.08406
-11.97651,-77.08388
-11.97656,-77.08368
-11.97662,-77.0834
-11.97665,-77.0833
-11.97674,-77.08334
-11.97678,-77.08319
-11.9768,-77.08309
-11.97705,-77.08207
-11.97723,-77.08123
-11.97724,-77.0812
-11.97724,-77.0812
-11.97731,-77.08089
-11.9775,-77.08009
-11.97761,-77.0796
-11.97788,-77.0784
-11.97793,-77.07818
-11.97799,-77.07793
-11.97803,-77.07773
-11.97815,-77.07776
-11.97852,-77.07781
-11.97852,-77.07781
-11.97944,-77.07793
-11.98022,-77.07805
-11.981,-77.07818
-11.98133,-77.07822
-11.98167,-77.07827
-11.9822,-77.07835
-11.98276,-77.07844
-11.98298,-77.07848
-11.98303,-77.07849
-11.98303,-77.07849
-11.98315,-77.07851
-11.98331,-77.07854
-11.98343,-77.07856
-11.98392,-77.07863
-11.98419,-77.0787
-11.9844,-77.07878
-11.98471,-77.07888
-11.9851,-77.07912
-11.98516,-77.07916
-11.98545,-77.07934
-11.98551,-77.07938
-11.98588,-77.07958
-11.98669,-77.08004
-11.98706,-77.08024
-11.98739,-77.0804
-11.98776,-77.08061
-11.98776,-77.08061
-11.98783,-77.08065
-11.98858,-77.08105
-11.98898,-77.08125
-11.98911,-77.08131
-11.98936,-77.08146
-11.98945,-77.08152
-11.98986,-77.08183
-11.98998,-77.08194
-11.99005,-77.082
-11.99021,-77.08214
-11.99035,-77.08229
-11.99049,-77.08244
-11.99077,-77.08271
-11.99097,-77.08287
-11.99111,-77.08297
-11.99122,-77.08303
-11.99139,-77.08311
-11.99147,-77.08177
-11.99146,-77.08167
-11.9915,-77.0809
-11.99151,-77.08065
-11.99152,-77.08045
-11.99153,-77.08028
-11.99153,-77.08024
-11.99153,-77.08021
-11.99155,-77.07991
-11.99158,-77.07928
-11.99164,-77.07813
-11.99164,-77.07813
-11.99166,-77.07773
-11.99179,-77.07549
-11.99179,-77.07538
-11.99179,-77.07534
-11.99179,-77.07534
-11.9918,-77.0752
-11.99179,-77.07512
-11.99178,-77.07501
-11.99176,-77.07492
-11.99176,-77.07492
-11.99162,-77.07394
-11.99147,-77.07303
-11.99147,-77.07303
-11.99132,-77.07206
-11.9913,-77.0719
-11.99129,-77.07185
-11.99127,-77.07174
-11.99125,-77.07158
-11.99124,-77.07147
-11.99112,-77.07072
-11.9911,-77.07059
-11.99109,-77.07049
-11.99107,-77.0704
-11.99085,-77.06894
-11.99084,-77.06883
-11.99083,-77.06875
-11.9908,-77.0686
-11.9908,-77.0686
-11.99074,-77.06815
-11.99059,-77.06711
-11.99048,-77.06633
-11.99047,-77.06624
-11.99041,-77.06587
-11.99041,-77.06582
-11.99041,-77.06582
-11.9904,-77.06549
-11.99042,-77.06524
-11.99042,-77.06524
-11.99042,-77.06521
-11.99039,-77.06501
-11.99039,-77.06494
-11.99039,-77.06489
-11.9904,-77.06483
-11.9904,-77.0648
-11.99044,-77.06473
-11.99047,-77.06467
-11.99048,-77.06466
-11.99051,-77.06462
-11.99056,-77.06456
-11.9906,-77.06454
-11.99063,-77.06452
-11.99085,-77.06442
-11.99085,-77.06442
-11.99095,-77.06438
-11.99098,-77.06437
-11.99112,-77.06435
-11.99119,-77.06434
-11.99138,-77.06431
-11.99274,-77.06411
-11.99362,-77.06398
-11.99362,-77.06398
-11.99367,-77.06398
-11.99405,-77.06379
-11.99416,-77.06375
-11.99428,-77.06372
-11.99429,-77.06372
-11.99429,-77.06372
-11.99444,-77.0637
-11.99462,-77.06369
-11.99475,-77.06371
-11.99489,-77.06374
-11.99499,-77.06377
-11.99552,-77.06369
-11.99552,-77.06369
-11.99563,-77.06367
-11.99572,-77.06366
-11.9969,-77.06347
-11.99695,-77.06346
-11.99701,-77.06344
-11.99706,-77.06342
-11.99709,-77.06339
-11.99712,-77.06337
-11.99718,-77.06332
-11.99722,-77.06328
-11.99724,-77.06326
-11.99724,-77.06326
-11.99738,-77.06314
-11.99738,-77.06314
-11.99767,-77.06295
-11.99767,-77.06295
-11.99961,-77.06263
-11.99961,-77.06263
-12.00101,-77.06242
-12.00101,-77.06242
-12.0013,-77.06244
-12.0013,-77.06244
-12.00266,-77.06224
-12.00266,-77.06224
-12.0031,-77.06218
-12.0031,-77.06218
-12.00386,-77.06217
-12.00386,-77.06217
-12.00398,-77.06217
-12.00398,-77.06217
-12.00427,-77.06229
-12.00427,-77.06229
-12.00431,-77.0623
-12.00439,-77.06231
-12.00446,-77.06229
-12.00446,-77.06229
-12.00448,-77.06229
-12.00455,-77.06225
-12.00462,-77.06219
-12.00465,-77.06216
-12.00494,-77.06214
-12.00497,-77.06213
-12.00497,-77.06213
-12.00528,-77.06211
-12.0066,-77.06189
-12.00665,-77.06188
-12.00665,-77.06188
-12.00738,-77.06176
-12.00762,-77.06172
-12.00762,-77.06172
-12.00772,-77.06171
-12.0079,-77.06168
-12.00804,-77.06166
-12.00823,-77.06162
-12.00823,-77.06162
-12.00831,-77.0616
-12.00834,-77.06161
-12.00842,-77.06165
-12.0085,-77.06167
-12.0085,-77.06167
-12.00852,-77.06167
-12.00861,-77.06166
-12.0087,-77.06163
-12.00877,-77.06159
-12.00877,-77.06159
-12.00878,-77.06159
-12.00883,-77.06154
-12.00883,-77.06154
-12.00895,-77.06145
-12.00895,-77.06145
-12.00945,-77.06118
-12.00945,-77.06118
-12.00985,-77.06108
-12.00985,-77.06108
-12.01154,-77.0608
-12.01154,-77.0608
-12.01177,-77.06067
-12.01177,-77.06067
-12.01292,-77.06056
-12.01292,-77.06056
-12.01366,-77.06044
-12.01366,-77.06044
-12.01594,-77.06008
-12.01594,-77.06008
-12.01677,-77.05994
-12.01677,-77.05994
-12.01859,-77.05966
-12.01859,-77.05966
-12.0201,-77.05944
-12.0201,-77.05944
-12.0214,-77.05925
-12.0214,-77.05925
-12.0238,-77.05886
-12.0238,-77.05886
-12.02413,-77.05882
-12.02413,-77.05882
-12.02477,-77.05887
-12.02477,-77.05887
-12.02503,-77.05893
-12.02503,-77.05893
-12.02506,-77.05892
-12.02586,-77.05878
-12.02594,-77.05877
-12.02687,-77.0586
-12.02705,-77.05851
-12.02728,-77.05846
-12.02763,-77.05841
-12.02784,-77.0584
-12.02797,-77.05839
-12.02805,-77.0584
-12.02813,-77.05841
-12.02818,-77.05842
-12.02818,-77.05842
-12.02827,-77.05844
-12.0284,-77.05841
-12.02846,-77.05844
-12.02853,-77.05845
-12.02868,-77.05845
-12.02883,-77.0584
-12.02889,-77.05835
-12.02889,-77.05835
-12.02895,-77.0583
-12.02904,-77.05817
-12.02905,-77.05814
-12.02907,-77.05811
-12.02917,-77.05798
-12.02927,-77.05788
-12.02939,-77.05777
-12.02949,-77.05771
-12.02949,-77.05771
-12.03014,-77.05727
-12.03014,-77.05727
-12.0306,-77.05693
-12.03102,-77.05665
-12.03112,-77.05653
-12.03116,-77.05645
-12.03116,-77.05645
-12.03122,-77.05633
-12.03122,-77.05633
-12.03152,-77.05607
-12.03152,-77.05607
-12.03185,-77.05574
-12.03185,-77.05574
-12.0324,-77.0551
-12.0324,-77.0551
-12.03308,-77.05407
-12.03308,-77.05407
-12.0335,-77.05333
-12.0335,-77.05333
-12.03386,-77.05252
-12.03386,-77.05252
-12.03517,-77.0492
-12.03517,-77.0492
-12.03548,-77.04863
-12.03548,-77.04863
-12.03633,-77.04795
-12.03633,-77.04795
-12.03701,-77.04738
-12.03701,-77.04738
-12.03756,-77.04697
-12.03756,-77.04697
-12.03843,-77.0463
-12.03843,-77.0463
-12.03866,-77.04608
-12.03866,-77.04608
-12.03889,-77.04576
-12.03889,-77.04576
-12.03912,-77.04518
-12.03912,-77.04518
-12.03918,-77.04481
-12.03918,-77.04481
-12.03908,-77.04306
-12.03908,-77.04306
-12.03904,-77.04132
-12.03904,-77.04132
-12.0391,-77.04055
-12.0391,-77.04055
-12.03917,-77.03859
-12.03917,-77.03859
-12.03928,-77.03807
-12.03928,-77.03807
-12.03937,-77.03781
-12.03937,-77.03781
-12.03984,-77.03693
-12.03984,-77.03693
-12.04049,-77.03564
-12.04049,-77.03564
-12.04125,-77.03433
-12.04125,-77.03433
-12.04183,-77.03311
-12.04183,-77.03311
-12.04243,-77.03192
-12.04243,-77.03192
-12.04336,-77.02978
-12.04336,-77.02978
-12.04345,-77.02931
-12.04345,-77.02931
-12.04351,-77.02691
-12.04351,-77.02691
-12.04371,-77.02478
-12.04371,-77.02478
-12.04371,-77.02403
-12.04371,-77.02403
-12.0435,-77.02147
-12.0435,-77.02147
-12.0435,-77.02064
-12.0435,-77.02064
-12.04357,-77.01967
-12.04357,-77.01967
-12.04352,-77.01816
-12.04352,-77.01816
-12.04342,-77.01755
-12.04342,-77.01755
-12.04326,-77.01708
-12.04326,-77.01708
-12.04305,-77.01673
-12.04305,-77.01673
-12.04222,-77.01561
-12.04222,-77.01561
-12.04165,-77.01496
-12.04165,-77.01496
-12.04109,-77.01448
-12.04109,-77.01448
-12.04069,-77.01425
-12.04069,-77.01425
-12.04032,-77.01409
-12.04032,-77.01409
-12.03965,-77.01391
-12.03965,-77.01391
-12.03917,-77.01383
-12.03917,-77.01383
-12.03873,-77.01372
-12.03873,-77.01372
-12.03837,-77.01356
-12.03837,-77.01356
-12.03809,-77.01336
-12.03809,-77.01336
-12.03775,-77.01305
-12.03775,-77.01305
-12.03739,-77.01266
-12.03739,-77.01266
-12.0367,-77.0119
-12.0367,-77.0119
-12.03619,-77.0113
-12.03619,-77.0113
-12.03574,-77.01091
-12.03574,-77.01091
-12.03512,-77.01019
-12.03512,-77.01019
-12.03453,-77.00943
-12.03453,-77.00943
-12.03371,-77.00822
-12.03371,-77.00822
-12.03259,-77.00634
-12.03259,-77.00634
-12.03191,-77.00499
-12.03191,-77.00499
-12.03141,-77.00385
-12.03141,-77.00385
-12.03085,-77.00225
-12.03085,-77.00225
-12.02934,-76.99832
-12.02934,-76.99832
-12.02918,-76.99766
-12.02918,-76.99766
-12.02914,-76.99705
-12.02914,-76.99705
-12.02922,-76.99639
-12.02922,-76.99639
-12.02942,-76.99574
-12.02942,-76.99574
-12.02967,-76.99519
-12.02967,-76.99519
-12.02994,-76.99469
-12.02994,-76.99469
-12.03085,-76.99319
-12.03085,-76.99319
-12.03162,-76.9922
-12.03162,-76.9922
-12.03292,-76.99096
-12.03292,-76.99096
-12.03418,-76.99002
-12.03418,-76.99002
-12.03534,-76.98942
-12.03534,-76.98942
-12.03656,-76.98902
-12.03656,-76.98902
-12.03929,-76.98832
-12.03929,-76.98832
-12.03976,-76.98816
-12.03976,-76.98816
-12.04091,-76.98765
-12.04091,-76.98765
-12.0417,-76.9872
-12.0417,-76.9872
-12.04241,-76.98669
-12.04241,-76.98669
-12.0431,-76.98605
-12.0431,-76.98605
-12.04512,-76.98379
-12.04512,-76.98379
-12.0469,-76.98175
-12.0469,-76.98175
-12.04881,-76.97959
-12.04881,-76.97959
-12.05068,-76.97749
-12.05068,-76.97749
-12.05132,-76.97689
-12.05132,-76.97689
-12.05203,-76.97635
-12.05203,-76.97635
-12.05285,-76.9759
-12.05285,-76.9759
-12.05405,-76.97537
-12.05405,-76.97537
-12.05528,-76.97483
-12.05528,-76.97483
-12.05683,-76.97415
-12.05683,-76.97415
-12.05849,-76.9734
-12.05849,-76.9734
-12.06018,-76.97268
-12.06018,-76.97268
-12.06169,-76.97201
-12.06169,-76.97201
-12.06255,-76.97171
-12.06255,-76.97171
-12.06334,-76.97153
-12.06334,-76.97153
-12.06406,-76.97144
-12.06406,-76.97144
-12.06481,-76.97141
-12.06481,-76.97141
-12.06582,-76.97149
-12.06582,-76.97149
-12.06733,-76.97183
-12.06733,-76.97183
-12.06775,-76.97191
-12.06775,-76.97191
-12.06876,-76.97228
-12.06876,-76.97228
-12.0691,-76.97243
-12.0691,-76.97243
-12.06971,-76.97267
-12.06971,-76.97267
-12.07036,-76.9729
-12.07036,-76.9729
-12.07114,-76.97321
-12.07114,-76.97321
-12.07393,-76.97436
-12.07393,-76.97436
-12.07672,-76.97551
-12.07672,-76.97551
-12.07836,-76.97624
-12.07836,-76.97624
-12.07922,-76.97671
-12.07922,-76.97671
-12.08013,-76.97737
-12.08013,-76.97737
-12.08089,-76.9781
-12.08089,-76.9781
-12.08153,-76.97875
-12.08153,-76.97875
-12.08165,-76.97908
-12.08165,-76.97908
-12.08276,-76.98029
-12.08276,-76.98029
-12.08315,-76.98049
-12.08315,-76.98049
-12.08461,-76.98197
-12.08461,-76.98197
-12.0849,-76.98216
-12.0849,-76.98216
-12.08526,-76.98229
-12.08526,-76.98229
-12.08566,-76.98232
-12.08566,-76.98232
-12.08611,-76.98226
-12.08611,-76.98226
-12.08868,-76.98138
-12.08868,-76.98138
-12.09265,-76.98078
-12.09265,-76.98078
-12.09287,-76.98084
-12.09294,-76.98085
-12.09294,-76.98085
-12.09295,-76.98085
-12.09317,-76.98082
-12.09367,-76.98077
-12.09392,-76.98062
-12.09392,-76.98062
-12.09729,-76.98014
-12.09729,-76.98014
-12.0998,-76.97977
-12.0998,-76.97977
-12.10346,-76.97926
-12.10346,-76.97926
-12.10594,-76.97894
-12.10594,-76.97894
-12.10664,-76.97883
-12.10664,-76.97883
-12.1071,-76.97884
-12.1071,-76.97883
-12.1071,-76.97883
-12.10787,-76.97874
-12.10804,-76.97874
-12.10844,-76.97869
-12.10868,-76.97865
-12.10906,-76.97859
-12.10918,-76.97855
-12.10941,-76.97844
-12.10941,-76.97844
-12.11069,-76.97826
-12.11069,-76.97826
-12.11273,-76.97798
-12.11273,-76.97798
-12.11431,-76.97776
-12.11431,-76.97776
-12.11683,-76.97743
-12.11683,-76.97743
-12.11817,-76.97728
-12.11817,-76.97728
-12.12003,-76.97724
-12.12003,-76.97724
-12.12454,-76.97709
-12.12454,-76.97709
-12.12668,-76.97704
-12.12668,-76.97704
-12.12756,-76.97706
-12.12756,-76.97706
-12.12824,-76.9772
-12.12824,-76.9772
-12.12966,-76.97772
-12.12966,-76.97772
-12.13232,-76.97877
-12.13232,-76.97877
-12.1338,-76.97933
-12.1338,-76.97933
-12.13653,-76.98036
-12.13653,-76.98036
-12.13807,-76.9807
-12.13807,-76.9807
-12.14323,-76.9816
-12.14323,-76.9816
-12.14582,-76.98207
-12.14582,-76.98207
-12.14754,-76.98251
-12.14754,-76.98251
-12.15003,-76.98337
-12.15003,-76.98337
-12.15107,-76.98367
-12.15107,-76.98367
-12.15217,-76.98384
-12.15217,-76.98384
-12.15314,-76.98393
-12.15314,-76.98393
-12.15431,-76.9839
-12.15431,-76.9839
-12.15533,-76.98378
-12.15533,-76.98378
-12.15669,-76.98343
-12.15669,-76.98343
-12.16378,-76.98136
-12.16378,-76.98136
-12.17127,-76.97915
-12.17127,-76.97915
-12.17501,-76.97793
-12.17501,-76.97793
-12.18047,-76.97622
-12.18047,-76.97622
-12.18746,-76.97397
-12.18746,-76.97397
-12.18853,-76.97367
-12.18853,-76.97367
-12.1887,-76.97367
-12.1887,-76.97367
-12.1895,-76.97347
-12.1895,-76.97347
-12.19031,-76.97326
-12.19031,-76.97326
-12.19098,-76.9731
-12.19098,-76.9731
-12.19162,-76.97299
-12.19162,-76.97299
-12.19178,-76.97293
-12.19178,-76.97293
-12.19197,-76.9728
-12.19197,-76.9728
-12.1921,-76.97259
-12.1921,-76.97259
-12.19247,-76.97145
-12.19247,-76.97145
-12.19269,-76.97053
-12.19269,-76.97053
-12.19282,-76.96986
-12.19282,-76.96986
-12.19287,-76.96955
-12.19289,-76.96948
-12.19317,-76.96788
-12.19329,-76.96729
-12.19332,-76.96711
-12.19334,-76.96685
-12.19312,-76.9648
-12.1931,-76.96457
-12.1931,-76.96455
-12.19302,-76.96387
-12.19302,-76.96382
-12.19296,-76.96335
-12.19296,-76.9633
-12.19285,-76.96249
-12.19273,-76.96165
-12.19273,-76.96165
-12.19271,-76.96152
-12.1927,-76.96142
-12.1927,-76.96136
-12.1927,-76.96129
-12.19271,-76.96124
-12.19273,-76.96115
-12.19277,-76.96112
-12.1928,-76.96107
-12.19282,-76.96102
-12.1929,-76.96097
-12.19342,-76.96066
-12.19552,-76.95938
-12.19563,-76.9593
-12.19567,-76.95928
-12.19578,-76.95922
-12.19592,-76.95913
-12.19609,-76.95903
-12.19676,-76.95861
-12.19736,-76.95825
-12.19736,-76.95825
-12.19741,-76.95822
-12.19808,-76.95783
-12.19814,-76.9578
-12.19836,-76.95764
-12.19845,-76.95757
-12.19961,-76.95685
-12.20065,-76.95621
-12.20069,-76.95619
-12.20077,-76.95614
-12.20083,-76.9561
-12.20224,-76.95526
-12.20303,-76.95478
-12.20311,-76.95473
-12.20317,-76.95469
-12.20323,-76.95466
-12.20502,-76.9536
-12.2053,-76.95344
-12.20541,-76.9534
-12.20541,-76.9534
-12.20549,-76.95337
-12.2056,-76.95334
-12.20564,-76.95331
-12.20568,-76.95336
-12.20584,-76.95326
-12.20598,-76.95319
-12.20598,-76.95319
-12.20604,-76.95315
-12.20609,-76.95312
-12.20613,-76.9531
-12.20651,-76.95288
-12.20689,-76.95266
-12.20689,-76.95266
-12.20728,-76.95243
-12.20805,-76.95196
-12.20838,-76.95175
-12.20844,-76.95171
-12.2085,-76.95168
-12.20855,-76.95164
-12.20927,-76.95122
-12.20969,-76.95098
-12.21009,-76.95074
-12.21032,-76.9506
-12.21032,-76.9506
-12.21079,-76.95032
-12.21083,-76.95029
-12.21092,-76.95024
-12.21096,-76.95022
-12.21169,-76.94977
-12.21208,-76.94954
-12.21249,-76.94931
-12.21287,-76.94907
-12.21315,-76.94889
-12.21326,-76.94882
-12.2136,-76.94861
-12.2137,-76.94855
-12.21439,-76.94814
-12.21479,-76.94791
-12.2152,-76.94767
-12.21552,-76.94748
-12.21552,-76.94748
-12.2159,-76.94725
-12.21597,-76.94721
-12.21603,-76.94717
-12.21608,-76.94714
-12.21681,-76.9467
-12.21721,-76.94647
-12.21761,-76.94623
-12.21829,-76.94582
-12.21829,-76.94582
-12.21831,-76.94581
-12.21841,-76.94575
-12.21846,-76.94572
-12.21867,-76.9456
-12.2186,-76.94549
-12.21867,-76.94545
-12.21869,-76.94544
-12.21927,-76.9451
-12.21927,-76.9451
-12.22093,-76.94411
-12.22101,-76.94407
-12.22105,-76.94415
-12.22112,-76.94411
-12.22119,-76.94407
-12.22145,-76.94392
-12.22145,-76.94392
-12.22189,-76.94365
-12.22228,-76.94342
-12.22268,-76.94318
-12.22339,-76.94277
-12.22344,-76.94273
-12.22353,-76.94268
-12.22358,-76.94265
-12.2243,-76.94222
-12.22471,-76.94197
-12.22511,-76.94174
-12.2258,-76.94134
-12.22583,-76.94133
-12.22596,-76.94125
-12.22622,-76.94108
-12.22622,-76.94108
-12.22638,-76.94099
-12.22631,-76.94088
-12.22639,-76.94083
-12.22654,-76.94073
-12.22748,-76.9402
-12.22854,-76.93956
-12.22854,-76.93956
-12.22863,-76.93951
-12.22868,-76.93948
-12.22876,-76.93944
-12.22881,-76.93941
-12.22994,-76.93873
-12.23103,-76.93808
-12.23109,-76.93804
-12.23115,-76.938
-12.23121,-76.93797
-12.23152,-76.93779
-12.23168,-76.93772
-12.23228,-76.93737
-12.23243,-76.93726
-12.23254,-76.93715
-12.23267,-76.93703
-12.23282,-76.93683
-12.23282,-76.93683
-12.23307,-76.9365
-12.23317,-76.93636
-12.23417,-76.93491
-12.23421,-76.93485
-12.23444,-76.93451
-12.23424,-76.93437
-12.23417,-76.93432
-12.23412,-76.93428
-12.23362,-76.9339
-12.23303,-76.93347
-12.23289,-76.93337
-12.23289,-76.93337
-12.23246,-76.93307
-12.23155,-76.93242
-12.23149,-76.93235
-12.23143,-76.93226
-12.23118,-76.93181
-12.2308,-76.93114
-12.2307,-76.93097
-12.2301,-76.92996
-12.23005,-76.92988
-12.22946,-76.92885
-12.22899,-76.92803