-12.09637,-77.02519
-12.09657,-77.02528
-12.09661,-77.0253
-12.09669,-77.02533
-12.09666,-77.02543
-12.09649,-77.0259
-12.09644,-77.02603
-12.09641,-77.02612
-12.09637,-77.0261
-12.09623,-77.02605
-12.09613,-77.026
-12.09612,-77.026
-12.09551,-77.02572
-12.09533,-77.02563
-12.09533,-77.02563
-12.09516,-77.02554
-12.09423,-77.02513
-12.09416,-77.0251
-12.09409,-77.02507
-12.09372,-77.02489
-12.09326,-77.02467
-12.09311,-77.02503
-12.09309,-77.02507
-12.09304,-77.0252
-12.09302,-77.02529
-12.09301,-77.02539
-12.09304,-77.02565
-12.09299,-77.02566
-12.09263,-77.0257
-12.09263,-77.0257
-12.09239,-77.02573
-12.0923,-77.02575
-12.09222,-77.02576
-12.0913,-77.02589
-12.09115,-77.02591
-12.09074,-77.02596
-12.09033,-77.02603
-12.09025,-77.02604
-12.08958,-77.02613
-12.08878,-77.02624
-12.08873,-77.02625
-12.08867,-77.02625
-12.08804,-77.02635
-12.08798,-77.02636
-12.08791,-77.02637
-12.08753,-77.02643
-12.08722,-77.02647
-12.08719,-77.02648
-12.08695,-77.02651
-12.08695,-77.02651
-12.0865,-77.02657
-12.08647,-77.02657
-12.08642,-77.02658
-12.0865,-77.02713
-12.08651,-77.0272
-12.08659,-77.02773
-12.08673,-77.02866
-12.08653,-77.02861
-12.08606,-77.0285
-12.08593,-77.02847
-12.0857,-77.02842
-12.0855,-77.02839
-12.08528,-77.02838
-12.08528,-77.02838
-12.0851,-77.02837
-12.08491,-77.02835
-12.08486,-77.02835
-12.08458,-77.02832
-12.08443,-77.02828
-12.08434,-77.02824
-12.08405,-77.02811
-12.08395,-77.02806
-12.08385,-77.02804
-12.08381,-77.02804
-12.0837,-77.02803
-12.08361,-77.02804
-12.08268,-77.02817
-12.08262,-77.02818
-12.08253,-77.0282
-12.08154,-77.02833
-12.08047,-77.02848
-12.08044,-77.02848
-12.07995,-77.02855
-12.07986,-77.02856
-12.07975,-77.02858
-12.07968,-77.02859
-12.07876,-77.02871
-12.07816,-77.02879
-12.07809,-77.02875
-12.07805,-77.02873
-12.07796,-77.02874
-12.07777,-77.02881
-12.07769,-77.02884
-12.07714,-77.02908
-12.07707,-77.02911
-12.07705,-77.02906
-12.07704,-77.02902
-12.07698,-77.02889
-12.07684,-77.02854
-12.07681,-77.02848
-12.07681,-77.02848
-12.0765,-77.02777
-12.07636,-77.02738
-12.07634,-77.02727
-12.07612,-77.02667
-12.07605,-77.02648
-12.07599,-77.02632
-12.07593,-77.02624
-12.07583,-77.026
-12.07577,-77.02599
-12.07573,-77.02601
-12.0757,-77.02607
-12.0757,-77.02612
-12.07574,-77.02624
-12.07592,-77.02675
-12.07607,-77.02716
-12.07614,-77.02736
-12.07618,-77.02747
-12.076,-77.02749
-12.07576,-77.02752
-12.07532,-77.02757
-12.07505,-77.02761
-12.07505,-77.02761
-12.0743,-77.02771
-12.07362,-77.02783
-12.07331,-77.02786
-12.07238,-77.028
-12.07236,-77.028
-12.07228,-77.02801
-12.07222,-77.02802
-12.07141,-77.02813
-12.07141,-77.02813
-12.07126,-77.02815
-12.07044,-77.02827
-12.07031,-77.02829
-12.07028,-77.02829
-12.07022,-77.0283
-12.07015,-77.02831
-12.07007,-77.02832
-12.06994,-77.02834
-12.0692,-77.02843
-12.06914,-77.02843
-12.06908,-77.02844
-12.06902,-77.02845
-12.06847,-77.02853
-12.06796,-77.0286
-12.06796,-77.0286
-12.06732,-77.02868
-12.06727,-77.02869
-12.06727,-77.02869
-12.06719,-77.0287
-12.06712,-77.0287
-12.06708,-77.02871
-12.06682,-77.02874
-12.06602,-77.02887
-12.06598,-77.02887
-12.0659,-77.02889
-12.06576,-77.02891
-12.06481,-77.02903
-12.06471,-77.02905
-12.06466,-77.02905
-12.06452,-77.02907
-12.06441,-77.02908
-12.0633,-77.02922
-12.06312,-77.02924
-12.0625,-77.02932
-12.06207,-77.02938
-12.06192,-77.0294
-12.06189,-77.0294
-12.06181,-77.02942
-12.06171,-77.02943
-12.06072,-77.02956
-12.06061,-77.02958
-12.06051,-77.02959
-12.06039,-77.02961
-12.05989,-77.02967
-12.0595,-77.02973
-12.05931,-77.02976
-12.05922,-77.02977
-12.05894,-77.02981
-12.05883,-77.02983
-12.05791,-77.02994
-12.05779,-77.02995
-12.0577,-77.02996
-12.05759,-77.02998
-12.05752,-77.02999
-12.05752,-77.02999
-12.05675,-77.03011
-12.05671,-77.03011
-12.05668,-77.03011
-12.05655,-77.03013
-12.0553,-77.03028
-12.05519,-77.03028
-12.05502,-77.03029
-12.05493,-77.03028
-12.05481,-77.03025
-12.05469,-77.03023
-12.05465,-77.03021
-12.05459,-77.03018
-12.05452,-77.03015
-12.05439,-77.03008
-12.05397,-77.02986
-12.05348,-77.02961
-12.05309,-77.02942
-12.05302,-77.02937
-12.05299,-77.02936
-12.0529,-77.02931
-12.0528,-77.02925
-12.05206,-77.02884
-12.05197,-77.0288
-12.05192,-77.02877
-12.0518,-77.02871
-12.05179,-77.0287
-12.05169,-77.02865
-12.0516,-77.0286
-12.05109,-77.02833
-12.051,-77.02828
-12.05088,-77.02822
-12.05072,-77.02814
-12.04999,-77.02778
-12.0499,-77.02774
-12.0498,-77.02768
-12.0497,-77.02764
-12.04959,-77.02758
-12.04959,-77.02758
-12.04892,-77.02719
-12.04888,-77.02717
-12.0488,-77.02713
-12.04869,-77.02707
-12.0479,-77.02666
-12.04784,-77.02663
-12.04775,-77.02659
-12.04763,-77.02653
-12.04706,-77.02622
-12.04676,-77.02606
-12.04665,-77.026
-12.04652,-77.02593
-12.04546,-77.02536
-12.0451,-77.02518
-12.04482,-77.02506
-12.04468,-77.02499
-12.04312,-77.02419
-12.04289,-77.02404
-12.04282,-77.02388
-12.04281,-77.02384
-12.04279,-77.02377
-12.04277,-77.02365
-12.04276,-77.02354
-12.04276,-77.02347
-12.04273,-77.02325
-12.04274,-77.02311
-12.04274,-77.02304
-12.04272,-77.02282
-12.04265,-77.02261
-12.04257,-77.02243
-12.04251,-77.02231
-12.04235,-77.02204
-12.04229,-77.02192
-12.0422,-77.02176
-12.04205,-77.02154
-12.04199,-77.02143
-12.04176,-77.02105
-12.04152,-77.02058
-12.04149,-77.02054
-12.04141,-77.02034
-12.04138,-77.02026
-12.04117,-77.01984
-12.04117,-77.01984
-12.04104,-77.01957
-12.04091,-77.01927
-12.04079,-77.01901
-12.04068,-77.01877
-12.0406,-77.01854
-12.04054,-77.01831
-12.04048,-77.0181
-12.04046,-77.01799
-12.04042,-77.01786
-12.04036,-77.01774
-12.0403,-77.01765
-12.0402,-77.01753
-12.03987,-77.01713
-12.03964,-77.01684
-12.03941,-77.01653
-12.03905,-77.01605
-12.03871,-77.01558
-12.03806,-77.01471
-12.03787,-77.01446
-12.03773,-77.01425
-12.03762,-77.01407
-12.03757,-77.01396
-12.03754,-77.01387
-12.03752,-77.01382
-12.03749,-77.0137
-12.03746,-77.01361
-12.03741,-77.0135
-12.03736,-77.01342
-12.0373,-77.01335
-12.03714,-77.01322
-12.03686,-77.01314
-12.03632,-77.01301
-12.0357,-77.01287
-12.03512,-77.01271
-12.03507,-77.0127
-12.03507,-77.0127
-12.03488,-77.01267
-12.03458,-77.01263
-12.03401,-77.01258
-12.03354,-77.01253
-12.03327,-77.01249
-12.03308,-77.01246
-12.03289,-77.0124
-12.03272,-77.01233
-12.03255,-77.01225
-12.03245,-77.01218
-12.03241,-77.01215
-12.03226,-77.01205
-12.03223,-77.01202
-12.03221,-77.012
-12.03216,-77.01199
-12.03211,-77.01199
-12.03206,-77.012
-12.03202,-77.01203
-12.032,-77.01207
-12.03198,-77.0121
-12.03179,-77.01213
-12.03172,-77.01213
-12.03149,-77.01219
-12.03125,-77.0122
-12.03115,-77.0122
-12.03104,-77.0122
-12.03094,-77.01218
-12.03079,-77.01215
-12.03079,-77.01215
-12.0301,-77.01196
-12.0301,-77.01196
-12.02858,-77.0115
-12.02858,-77.0115
-12.02841,-77.01138
-12.02841,-77.01138
-12.02808,-77.01122
-12.02808,-77.01122
-12.02626,-77.0104
-12.02626,-77.0104
-12.0258,-77.01003
-12.0258,-77.01003
-12.0258,-77.01003
-12.02568,-77.01017
-12.02564,-77.01021
-12.0256,-77.01026
-12.02544,-77.01041
-12.02544,-77.01041
-12.02539,-77.01046
-12.02527,-77.01059
-12.02514,-77.01073
-12.02509,-77.0108
-12.02507,-77.01084
-12.02505,-77.0109
-12.02504,-77.01098
-12.02509,-77.01145
-12.02511,-77.01158
-12.02511,-77.01159
-12.02511,-77.01159
-12.02514,-77.01182
-12.02515,-77.01184
-12.02515,-77.0119
-12.02507,-77.01191
-12.02431,-77.01202
-12.02416,-77.01205
-12.02406,-77.01209
-12.0239,-77.01217
-12.02357,-77.01234
-12.02357,-77.01234
-12.02329,-77.01248
-12.02326,-77.0125
-12.02309,-77.01257
-12.02307,-77.01258
-12.02295,-77.01261
-12.02292,-77.01262
-12.02283,-77.01264
-12.02272,-77.01265
-12.02259,-77.01266
-12.02242,-77.01267
-12.0222,-77.01265
-12.02125,-77.01253
-12.02086,-77.01248
-12.02065,-77.01246
-12.02052,-77.01244
-12.0203,-77.01242
-12.0203,-77.01242
-12.01878,-77.01223
-12.01862,-77.01221
-12.01781,-77.01211
-12.01776,-77.01211
-12.01771,-77.0121
-12.01721,-77.01203
-12.0163,-77.01192
-12.01603,-77.01189
-12.01593,-77.01188
-12.01531,-77.0118
-12.01531,-77.0118
-12.01465,-77.01172
-12.01449,-77.0117
-12.01294,-77.01151
-12.01281,-77.01149
-12.01239,-77.01144
-12.01238,-77.01144
-12.01233,-77.01143
-12.01223,-77.01137
-12.01217,-77.01133
-12.01216,-77.01133
-12.01032,-77.0111
-12.00987,-77.01104
-12.00966,-77.01102
-12.00966,-77.01102
-12.00935,-77.01098
-12.00931,-77.01098
-12.00926,-77.01097
-12.00923,-77.01096
-12.00878,-77.01091
-12.00848,-77.01088
-12.00806,-77.01083
-12.00799,-77.01083
-12.00797,-77.01083
-12.00787,-77.01082
-12.00778,-77.01084
-12.00765,-77.01088
-12.00758,-77.0109
-12.00742,-77.01095
-12.00729,-77.011
-12.00715,-77.01105
-12.00696,-77.01111
-12.00623,-77.01135
-12.00517,-77.01168
-12.00472,-77.01183
-12.00464,-77.01186
-12.00464,-77.01186
-12.00405,-77.01205
-12.00396,-77.01208
-12.00387,-77.01212
-12.00344,-77.01229
-12.00287,-77.01253
-12.00244,-77.01271
-12.00083,-77.01339
-11.99963,-77.01391
-11.99954,-77.01395
-11.99944,-77.01399
-11.99937,-77.01403
-11.99914,-77.01412
-11.99878,-77.01426
-11.99861,-77.01432
-11.99844,-77.01438
-11.99783,-77.01471
-11.99783,-77.01471
-11.99761,-77.01483
-11.99717,-77.01507
-11.99694,-77.01521
-11.99685,-77.01526
-11.99677,-77.01533
-11.99673,-77.01541
-11.99672,-77.01543
-11.99665,-77.01547
-11.99659,-77.01545
-11.99657,-77.01544
-11.99622,-77.0153
-11.99611,-77.01526
-11.99599,-77.01521
-11.99596,-77.0152
-11.99581,-77.01513
-11.9957,-77.01504
-11.99562,-77.01501
-11.99558,-77.01501
-11.99522,-77.01502
-11.99438,-77.01507
-11.99421,-77.01508
-11.99401,-77.01509
-11.99328,-77.01512
-11.99294,-77.01514
-11.99284,-77.01513
-11.99277,-77.01512
-11.99277,-77.01512
-11.99268,-77.0151
-11.99222,-77.01499
-11.99206,-77.01495
-11.99198,-77.01493
-11.99189,-77.01493
-11.99182,-77.01493
-11.99173,-77.01494
-11.99165,-77.01494
-11.99066,-77.01512
-11.99036,-77.01517
-11.99027,-77.01518
-11.99015,-77.01521
-11.98996,-77.01523
-11.9894,-77.0153
-11.98907,-77.01534
-11.98838,-77.01542
-11.98821,-77.01544
-11.98685,-77.0156
-11.98677,-77.0156
-11.98661,-77.01563
-11.98643,-77.01565
-11.98633,-77.01565
-11.98626,-77.01565
-11.9862,-77.01564
-11.98609,-77.01563
-11.98593,-77.01561
-11.98582,-77.01558
-11.98575,-77.01556
-11.98567,-77.01554
-11.98546,-77.01548
-11.98546,-77.01548
-11.98518,-77.01541
-11.98512,-77.01539
-11.98499,-77.01532
-11.9849,-77.01525
-11.98479,-77.01513
-11.98455,-77.01479
-11.98432,-77.01451
-11.98422,-77.01439
-11.98414,-77.01432
-11.98412,-77.0143
-11.98398,-77.0142
-11.98396,-77.01418
-11.9833,-77.01371
-11.98323,-77.01365
-11.98261,-77.01322
-11.98255,-77.01319
-11.98249,-77.01316
-11.98237,-77.01311
-11.98225,-77.01312
-11.98213,-77.01312
-11.98206,-77.01311
-11.98195,-77.01307
-11.98191,-77.01305
-11.98182,-77.013
-11.98179,-77.01298
-11.98134,-77.01268
-11.98091,-77.01241
-11.98084,-77.01237
-11.97978,-77.0117
-11.97931,-77.0114
-11.9792,-77.01133
-11.97845,-77.01086
-11.97806,-77.01061
-11.97806,-77.01061
-11.97744,-77.01021
-11.97689,-77.00987
-11.97681,-77.00981
-11.97532,-77.00887
-11.97494,-77.00862
-11.97483,-77.00855
-11.97371,-77.00784
-11.97359,-77.00777
-11.97348,-77.0077
-11.9732,-77.00751
-11.97308,-77.00744
-11.97268,-77.00718
-11.97249,-77.00706
-11.97239,-77.00699
-11.97226,-77.00691
-11.97185,-77.00667
-11.97063,-77.00587
-11.97049,-77.00578
-11.97043,-77.00574
-11.97001,-77.00548
-11.96994,-77.00543
-11.96948,-77.00513
-11.96944,-77.0051
-11.96937,-77.00505
-11.96856,-77.00447
-11.9684,-77.00434
-11.96839,-77.00433
-11.96839,-77.00433
-11.96837,-77.00431
-11.96831,-77.00427
-11.96825,-77.00422
-11.96812,-77.00412
-11.9681,-77.00411
-11.96755,-77.00368
-11.96718,-77.0034
-11.96694,-77.00324
-11.96671,-77.00307
-11.96648,-77.00289
-11.96642,-77.00285
-11.96637,-77.00282
-11.96613,-77.00263
-11.96599,-77.00254
-11.96565,-77.00238
-11.96491,-77.00202
-11.96477,-77.00195
-11.9647,-77.00191
-11.96458,-77.00184
-11.96435,-77.00169
-11.96316,-77.00092
-11.96306,-77.00085
-11.96288,-77.00074
-11.96228,-77.00034
-11.96204,-77.00021
-11.96125,-76.99987
-11.96117,-76.99984
-11.96093,-76.99973
-11.96081,-76.99968
-11.96072,-76.99964
-11.96051,-76.99956
-11.96046,-76.99954
-11.96031,-76.99947
-11.95986,-76.99926
-11.95963,-76.99915
-11.95947,-76.99908
-11.95918,-76.99893
-11.95798,-76.99838
-11.95792,-76.99835
-11.95787,-76.99833
-11.95742,-76.99811
-11.95668,-76.99775
-11.95655,-76.99769
-11.95651,-76.99742
-11.95648,-76.99717
-11.95648,-76.99717
-11.95647,-76.99709
-11.95643,-76.99674
-11.95636,-76.99638
-11.95633,-76.99606
-11.95632,-76.99604
-11.95628,-76.99571
-11.95624,-76.99538
-11.95621,-76.99514
-11.95619,-76.99502
-11.95619,-76.995
-11.95614,-76.99466
-11.95611,-76.99434
-11.95608,-76.99415
-11.95606,-76.99401
-11.95602,-76.99367
-11.95597,-76.9933
-11.95587,-76.99258
-11.95583,-76.99225
-11.9558,-76.99206
-11.95579,-76.992
-11.95579,-76.99195
-11.95574,-76.9918
-11.95569,-76.9917
-11.95563,-76.9916
-11.95553,-76.99149
-11.95548,-76.99142
-11.95505,-76.99106
-11.95479,-76.99083
-11.95453,-76.99061
-11.95427,-76.99039
-11.95406,-76.99021
-11.95402,-76.99018
-11.95372,-76.98992
-11.95346,-76.9897
-11.95321,-76.98947
-11.95293,-76.98923
-11.95266,-76.989
-11.95241,-76.98878
-11.95195,-76.98841
-11.95193,-76.98839
-11.95193,-76.98839
-11.95174,-76.98823
-11.95158,-76.98767
-11.95151,-76.98748
-11.95138,-76.98744
-11.95127,-76.98739
-11.95119,-76.98734
-11.95088,-76.98712
-11.95007,-76.98656
-11.95007,-76.98656
-11.94892,-76.98577
-11.94782,-76.98499
-11.94775,-76.98493
-11.9477,-76.9849
-11.94762,-76.98484
-11.94677,-76.98425
-11.94677,-76.98425
-11.94556,-76.98342
-11.94361,-76.98206
-11.94358,-76.98204
-11.94352,-76.982
-11.94344,-76.98195
-11.94341,-76.98192
-11.94319,-76.98177
-11.94319,-76.98177
-11.94224,-76.98112
-11.94117,-76.98038
-11.9411,-76.98033
-11.94102,-76.98028
-11.9402,-76.97971
-11.94006,-76.97956
-11.94006,-76.97956
-11.94004,-76.97954
-11.93986,-76.97935
-11.9397,-76.97912
-11.93956,-76.97885
-11.93945,-76.97859
-11.93939,-76.97836
-11.93899,-76.97694
-11.93895,-76.97679
-11.93854,-76.97533
-11.93843,-76.97496
-11.93841,-76.9748
-11.9384,-76.9747
-11.9384,-76.9747
-11.9384,-76.97465
-11.93843,-76.97439
-11.93858,-76.97392
-11.93866,-76.9737
-11.93879,-76.97336
-11.93884,-76.97317
-11.93886,-76.97299
-11.93885,-76.97287
-11.9388,-76.97272
-11.93873,-76.97261
-11.9386,-76.97249
-11.93824,-76.97224
-11.93802,-76.97208
-11.93796,-76.97203
-11.93689,-76.97129
-11.93681,-76.97123
-11.93605,-76.97071
-11.93598,-76.97066
-11.93598,-76.97066
-11.93566,-76.97042
-11.93459,-76.96971
-11.93452,-76.96966
-11.93449,-76.96963
-11.93432,-76.96952
-11.9337,-76.96908
-11.93332,-76.96881
-11.93413,-76.96963
-11.93415,-76.96964
-11.93437,-76.9698
-11.93553,-76.97059
-11.93652,-76.97131
-11.93669,-76.97143
-11.9369,-76.97157
-11.9369,-76.97157
-11.93785,-76.97222
-11.93791,-76.97226
-11.93865,-76.97277
-11.93871,-76.97287
-11.93874,-76.97299
-11.93872,-76.97318
-11.93859,-76.97355
-11.93855,-76.97366
-11.93828,-76.9745
-11.93824,-76.97468
-11.93826,-76.97487
-11.93826,-76.97487
-11.93826,-76.97493
-11.93847,-76.97571
-11.93867,-76.97644
-11.93876,-76.97677
-11.93904,-76.97776
-11.93925,-76.97852
-11.93934,-76.97874
-11.93943,-76.97896
-11.93952,-76.97914
-11.93962,-76.97931
-11.93973,-76.97945
-11.93995,-76.97971
-11.94017,-76.97991
-11.94053,-76.98015
-11.94053,-76.98015
-11.94056,-76.98017
-11.94062,-76.98021
-11.94086,-76.98037
-11.941,-76.98047
-11.94136,-76.98071
-11.94246,-76.98149
-11.94315,-76.98196
-11.94331,-76.98207
-11.94336,-76.9821
-11.94344,-76.98216
-11.9435,-76.9822
-11.94411,-76.98262
-11.94411,-76.98262
-11.94463,-76.98298
-11.94548,-76.98357
-11.94654,-76.98429
-11.9473,-76.98482
-11.94749,-76.98495
-11.94753,-76.98498
-11.94761,-76.98503
-11.94821,-76.98546
-11.94821,-76.98546
-11.94963,-76.98648
-11.95038,-76.98699
-11.95072,-76.98722
-11.95082,-76.98745
-11.95088,-76.98756
-11.95088,-76.98756
-11.95089,-76.98759
-11.95091,-76.98762
-11.95098,-76.98772
-11.95104,-76.9878
-11.95114,-76.98789
-11.95144,-76.98816
-11.95159,-76.98829
-11.95203,-76.98862
-11.95207,-76.98866
-11.95236,-76.9889
-11.95252,-76.98904
-11.95252,-76.98904
-11.95266,-76.98917
-11.95311,-76.98956
-11.95324,-76.98967
-11.95359,-76.98997
-11.9538,-76.99017
-11.9539,-76.99027
-11.95441,-76.99068
-11.95466,-76.99089
-11.95505,-76.99123
-11.95521,-76.99136
-11.95537,-76.9915
-11.95546,-76.9916
-11.95556,-76.99174
-11.9556,-76.99186
-11.95565,-76.99204
-11.95571,-76.99239
-11.9558,-76.99313
-11.95584,-76.99346
-11.95589,-76.99378
-11.95592,-76.99407
-11.95594,-76.99417
-11.95596,-76.99434
-11.956,-76.99466
-11.95604,-76.99497
-11.95605,-76.99508
-11.95607,-76.99531
-11.95618,-76.99602
-11.95622,-76.99635
-11.95626,-76.99667
-11.95637,-76.99743
-11.95641,-76.99773
-11.95649,-76.99818
-11.95658,-76.99819
-11.95661,-76.99818
-11.95666,-76.99816
-11.9567,-76.99811
-11.95675,-76.99807
-11.95681,-76.99804
-11.95688,-76.99801
-11.95693,-76.99802
-11.95699,-76.99803
-11.95715,-76.9981
-11.95715,-76.9981
-11.95722,-76.99813
-11.95747,-76.99826
-11.95771,-76.99837
-11.95776,-76.9984
-11.95783,-76.99843
-11.95788,-76.99845
-11.95808,-76.99854
-11.95818,-76.99859
-11.9583,-76.99864
-11.95843,-76.99871
-11.95871,-76.99883
-11.95881,-76.99887
-11.95893,-76.99893
-11.95916,-76.99902
-11.9594,-76.99913
-11.95954,-76.9992
-11.95965,-76.99925
-11.95968,-76.99927
-11.95983,-76.99933
-11.95997,-76.9994
-11.96027,-76.99953
-11.96064,-76.99969
-11.96075,-76.99974
-11.961,-76.99984
-11.96106,-76.99987
-11.96113,-76.9999
-11.96135,-77.0
-11.96166,-77.00016
-11.96199,-77.00031
-11.96213,-77.00037
-11.96218,-77.00041
-11.96261,-77.00068
-11.96272,-77.00075
-11.96282,-77.00082
-11.96287,-77.00085
-11.963,-77.00094
-11.96325,-77.00111
-11.96412,-77.00165
-11.96446,-77.00187
-11.96453,-77.00191
-11.96474,-77.00203
-11.96487,-77.0021
-11.96499,-77.00216
-11.96536,-77.00234
-11.96593,-77.00262
-11.9661,-77.00273
-11.96615,-77.00277
-11.96631,-77.00288
-11.96636,-77.00292
-11.96639,-77.00294
-11.96686,-77.00331
-11.96701,-77.00342
-11.96712,-77.00351
-11.96714,-77.00353
-11.96797,-77.00415
-11.96804,-77.0042
-11.96814,-77.0043
-11.96818,-77.0044
-11.96819,-77.00443
-11.96821,-77.00446
-11.96844,-77.00466
-11.96895,-77.00505
-11.96897,-77.00507
-11.96897,-77.00507
-11.96902,-77.00511
-11.96938,-77.00536
-11.96981,-77.00564
-11.96985,-77.00567
-11.97,-77.00577
-11.97011,-77.00584
-11.97022,-77.00591
-11.97083,-77.00629
-11.97151,-77.00673
-11.97183,-77.00693
-11.97186,-77.00695
-11.97198,-77.00702
-11.97221,-77.00703
-11.97229,-77.00705
-11.97244,-77.00715
-11.97265,-77.00728
-11.97331,-77.00771
-11.97343,-77.00778
-11.97353,-77.00785
-11.97434,-77.00836
-11.97468,-77.00858
-11.97527,-77.00895
-11.97667,-77.00984
-11.97673,-77.00988
-11.97718,-77.01016
-11.97739,-77.01029
-11.97804,-77.0107
-11.97819,-77.0108
-11.97819,-77.0108
-11.97896,-77.01129
-11.97915,-77.01141
-11.98005,-77.01198
-11.98013,-77.01203
-11.9807,-77.0124
-11.98079,-77.01245
-11.98088,-77.01251
-11.98167,-77.01302
-11.98175,-77.01308
-11.98186,-77.01315
-11.98198,-77.01319
-11.98211,-77.01323
-11.98223,-77.01325
-11.98229,-77.01327
-11.98237,-77.01329
-11.98246,-77.01333
-11.98256,-77.01339
-11.98302,-77.01371
-11.9831,-77.01376
-11.98313,-77.01379
-11.98346,-77.01402
-11.98353,-77.01407
-11.98382,-77.01428
-11.98389,-77.01434
-11.98396,-77.01439
-11.98402,-77.01445
-11.98406,-77.01449
-11.98419,-77.01462
-11.98441,-77.0149
-11.98446,-77.01497
-11.98477,-77.01538
-11.98486,-77.01546
-11.98493,-77.01551
-11.98501,-77.01554
-11.98512,-77.01557
-11.98523,-77.01559
-11.98523,-77.01559
-11.98563,-77.01569
-11.98578,-77.01573
-11.98603,-77.01579
-11.98616,-77.01582
-11.98619,-77.01582
-11.98625,-77.01582
-11.98633,-77.01582
-11.98665,-77.01579
-11.98675,-77.01578
-11.98721,-77.01573
-11.98811,-77.01562
-11.9886,-77.01557
-11.98909,-77.01551
-11.98947,-77.01547
-11.98981,-77.01542
-11.98998,-77.01539
-11.99018,-77.01536
-11.99024,-77.01535
-11.9904,-77.01533
-11.99186,-77.0151
-11.99193,-77.0151
-11.99199,-77.01511
-11.99208,-77.01513
-11.99239,-77.01522
-11.99264,-77.01528
-11.99275,-77.01531
-11.99282,-77.01531
-11.9929,-77.01532
-11.99292,-77.01532
-11.99292,-77.01532
-11.99314,-77.01531
-11.99364,-77.01528
-11.99382,-77.01527
-11.99391,-77.01527
-11.99502,-77.01521
-11.99532,-77.0152
-11.99559,-77.01519
-11.99564,-77.01519
-11.99569,-77.01519
-11.99571,-77.01519
-11.99578,-77.0152
-11.99586,-77.01523
-11.99629,-77.0154
-11.99657,-77.01551
-11.99667,-77.01555
-11.9969,-77.01549
-11.9973,-77.01525
-11.99778,-77.01499
-11.99819,-77.01475
-11.99835,-77.01467
-11.99835,-77.01467
-11.99854,-77.01456
-11.99866,-77.01451
-11.99883,-77.01447
-11.9992,-77.01432
-11.99953,-77.01418
-11.99962,-77.01414
-12.00138,-77.01339
-12.00273,-77.01281
-12.00351,-77.01248
-12.00383,-77.01235
-12.00393,-77.01232
-12.00403,-77.01229
-12.00449,-77.01214
-12.00453,-77.01213
-12.00453,-77.01213
-12.00631,-77.01154
-12.00703,-77.0113
-12.00721,-77.01124
-12.00768,-77.01109
-12.00772,-77.01108
-12.00774,-77.01107
-12.00782,-77.01105
-12.00793,-77.01105
-12.00801,-77.01105
-12.00844,-77.0111
-12.00908,-77.01118
-12.00911,-77.01118
-12.0092,-77.01119
-12.00924,-77.0112
-12.00998,-77.01129
-12.00998,-77.01129
-12.01111,-77.01143
-12.01173,-77.01151
-12.01207,-77.01154
-12.01214,-77.01155
-12.01215,-77.01155
-12.01221,-77.01156
-12.01231,-77.01157
-12.01237,-77.01158
-12.01389,-77.01176
-12.01438,-77.01183
-12.01447,-77.01184
-12.01577,-77.01201
-12.0159,-77.01202
-12.01627,-77.01206
-12.01651,-77.01209
-12.01651,-77.01209
-12.0169,-77.01213
-12.0176,-77.01222
-12.01769,-77.01223
-12.01861,-77.01233
-12.01875,-77.01235
-12.01938,-77.01243
-12.02037,-77.01255
-12.0205,-77.01257
-12.02064,-77.01258
-12.02119,-77.01265
-12.02123,-77.01265
-12.02125,-77.01266
-12.02125,-77.01266
-12.02219,-77.01277
-12.02235,-77.01279
-12.02248,-77.0128
-12.02261,-77.0128
-12.02275,-77.01278
-12.02295,-77.01275
-12.02307,-77.01271
-12.02319,-77.01267
-12.02337,-77.01259
-12.02378,-77.01238
-12.02406,-77.01223
-12.02421,-77.01217
-12.02431,-77.01214
-12.02431,-77.01214
-12.02435,-77.01213
-12.02469,-77.01208
-12.02493,-77.01204
-12.02502,-77.01203
-12.02505,-77.01202
-12.02508,-77.01202
-12.02517,-77.01201
-12.02523,-77.012
-12.02523,-77.01189
-12.02523,-77.01181
-12.02519,-77.01144
-12.02515,-77.01104
-12.02514,-77.01097
-12.02515,-77.0109
-12.02516,-77.01086
-12.02517,-77.01083
-12.02521,-77.01078
-12.02523,-77.01074
-12.02523,-77.01074
-12.02525,-77.01072
-12.02529,-77.01068
-12.02533,-77.01064
-12.02535,-77.01062
-12.0254,-77.01057
-12.02546,-77.01053
-12.02547,-77.01052
-12.0256,-77.01049
-12.02566,-77.01049
-12.02572,-77.01049
-12.02584,-77.01051
-12.02589,-77.01052
-12.02589,-77.01052
-12.02598,-77.01054
-12.02608,-77.01057
-12.0262,-77.01062
-12.02649,-77.01076
-12.02654,-77.01079
-12.02684,-77.01094
-12.02684,-77.01094
-12.02687,-77.01096
-12.02739,-77.0112
-12.02741,-77.0112
-12.02752,-77.01125
-12.02752,-77.01125
-12.02804,-77.01149
-12.02824,-77.01156
-12.02824,-77.01156
-12.02836,-77.0116
-12.02837,-77.01161
-12.02838,-77.01161
-12.02848,-77.01164
-12.0286,-77.01167
-12.02885,-77.01173
-12.02943,-77.0119
-12.0296,-77.01195
-12.0296,-77.01195
-12.02962,-77.01195
-12.03035,-77.01216
-12.03035,-77.01216
-12.03045,-77.01219
-12.03048,-77.01219
-12.03056,-77.01222
-12.03072,-77.01225
-12.03084,-77.01228
-12.03095,-77.0123
-12.03095,-77.0123
-12.03096,-77.0123
-12.03106,-77.01231
-12.03118,-77.01232
-12.03129,-77.01232
-12.03145,-77.0123
-12.03172,-77.01229
-12.03203,-77.01227
-12.03206,-77.0123
-12.03209,-77.01231
-12.03213,-77.01232
-12.03231,-77.01238
-12.03233,-77.01239
-12.0324,-77.01241
-12.03262,-77.01249
-12.03266,-77.0125
-12.03278,-77.01253
-12.03278,-77.01253
-12.03284,-77.01254
-12.03306,-77.01258
-12.03317,-77.0126
-12.03337,-77.01261
-12.03354,-77.01263
-12.03389,-77.01265
-12.03472,-77.01273
-12.03493,-77.01276
-12.0351,-77.0128
-12.03558,-77.01292
-12.03619,-77.01307
-12.03695,-77.01326
-12.03705,-77.01329
-12.0371,-77.0133
-12.03716,-77.01335
-12.03716,-77.01335
-12.03718,-77.01336
-12.03727,-77.01346
-12.03734,-77.01356
-12.03741,-77.01377
-12.03747,-77.01393
-12.03753,-77.01407
-12.0376,-77.01419
-12.03771,-77.01435
-12.03783,-77.01451
-12.038,-77.01475
-12.03936,-77.01658
-12.03959,-77.01687
-12.0399,-77.01727
-12.04016,-77.01758
-12.04023,-77.01769
-12.0403,-77.01782
-12.04034,-77.01793
-12.04036,-77.01797
-12.0404,-77.01812
-12.04043,-77.01831
-12.04045,-77.01837
-12.04054,-77.01873
-12.04067,-77.01909
-12.04098,-77.01981
-12.04125,-77.0204
-12.04143,-77.02079
-12.04151,-77.02099
-12.04164,-77.02117
-12.0417,-77.02141
-12.04177,-77.02168
-12.04187,-77.02188
-12.04191,-77.02193
-12.04209,-77.02217
-12.04218,-77.02229
-12.0422,-77.02233
-12.04232,-77.0225
-12.04232,-77.0225
-12.04232,-77.02251
-12.04242,-77.02268
-12.04245,-77.02274
-12.04255,-77.02298
-12.04256,-77.02313
-12.04257,-77.02323
-12.04256,-77.02353
-12.04253,-77.02379
-12.04253,-77.02384
-12.04254,-77.02387
-12.04255,-77.0239
-12.04257,-77.02393
-12.04259,-77.02396
-12.04262,-77.02399
-12.0427,-77.02404
-12.04288,-77.02416
-12.04308,-77.02428
-12.04464,-77.0251
-12.04476,-77.02516
-12.04491,-77.02525
-12.0451,-77.02536
-12.04632,-77.02601
-12.04645,-77.02608
-12.0466,-77.02615
-12.04669,-77.02621
-12.04752,-77.02664
-12.04756,-77.02666
-12.04767,-77.02672
-12.04777,-77.02677
-12.04861,-77.02721
-12.04872,-77.02727
-12.04881,-77.02732
-12.04932,-77.02759
-12.04963,-77.02775
-12.04967,-77.02777
-12.04973,-77.0278
-12.04975,-77.02781
-12.04975,-77.02781
-12.04983,-77.02786
-12.05054,-77.02822
-12.05061,-77.02826
-12.05065,-77.02828
-12.05075,-77.02834
-12.05093,-77.02843
-12.05152,-77.02875
-12.05161,-77.0288
-12.05171,-77.02885
-12.05183,-77.02891
-12.05194,-77.02897
-12.05262,-77.02933
-12.05267,-77.02935
-12.05272,-77.02938
-12.05282,-77.02943
-12.05292,-77.02949
-12.05356,-77.02982
-12.05418,-77.03013
-12.0543,-77.03019
-12.05433,-77.03021
-12.05445,-77.03028
-12.0545,-77.03031
-12.05459,-77.03033
-12.0547,-77.03037
-12.05484,-77.03041
-12.05491,-77.03042
-12.0552,-77.03045
-12.05545,-77.03042
-12.05577,-77.03037
-12.05649,-77.03027
-12.05657,-77.03026
-12.05665,-77.03025
-12.05669,-77.03024
-12.05678,-77.03023
-12.05772,-77.0301
-12.05781,-77.03009
-12.05793,-77.03008
-12.05819,-77.03005
-12.05819,-77.03005
-12.05856,-77.03
-12.05874,-77.02998
-12.05885,-77.02997
-12.05896,-77.02996
-12.05906,-77.02994
-12.05907,-77.02994
-12.05924,-77.02992
-12.05932,-77.0299
-12.06041,-77.02976
-12.06053,-77.02974
-12.06063,-77.02973
-12.06171,-77.02958
-12.06174,-77.02958
-12.06182,-77.02957
-12.06193,-77.02955
-12.06304,-77.0294
-12.06313,-77.02939
-12.06331,-77.02936
-12.06381,-77.0293
-12.06394,-77.02928
-12.06436,-77.02922
-12.06443,-77.02921
-12.06454,-77.0292
-12.06461,-77.02919
-12.06468,-77.02918
-12.06574,-77.02903
-12.06577,-77.02903
-12.06591,-77.02901
-12.066,-77.029
-12.06697,-77.02886
-12.06703,-77.02886
-12.0671,-77.02885
-12.06715,-77.02884
-12.06721,-77.02883
-12.0673,-77.02882
-12.06792,-77.02873
-12.06792,-77.02873
-12.06848,-77.02866
-12.06904,-77.02858
-12.0691,-77.02857
-12.06915,-77.02857
-12.06922,-77.02856
-12.06956,-77.02851
-12.06993,-77.02847
-12.07002,-77.02845
-12.07008,-77.02845
-12.07016,-77.02844
-12.07024,-77.02843
-12.0703,-77.02842
-12.07128,-77.02828
-12.0722,-77.02815
-12.07224,-77.02814
-12.0723,-77.02814
-12.07237,-77.02813
-12.07263,-77.02809
-12.07263,-77.02809
-12.07333,-77.02799
-12.07434,-77.02786
-12.07505,-77.02776
-12.07505,-77.02776
-12.07535,-77.02772
-12.07578,-77.02766
-12.07623,-77.02761
-12.07662,-77.02863
-12.07672,-77.02895
-12.07679,-77.02913
-12.0768,-77.02918
-12.07685,-77.02933
-12.07691,-77.02935
-12.07698,-77.02937
-12.07704,-77.02935
-12.07717,-77.02929
-12.07723,-77.02927
-12.07765,-77.02907
-12.07777,-77.02902
-12.07783,-77.029
-12.07783,-77.029
-12.07802,-77.02896
-12.07878,-77.02886
-12.07888,-77.02885
-12.07906,-77.02878
-12.07968,-77.02871
-12.07977,-77.0287
-12.07988,-77.02869
-12.07996,-77.02868
-12.08046,-77.02862
-12.08049,-77.02861
-12.08156,-77.02846
-12.08254,-77.02831
-12.08263,-77.0283
-12.08269,-77.02829
-12.08275,-77.02828
-12.08363,-77.02817
-12.08372,-77.02816
-12.0838,-77.02817
-12.08382,-77.02817
-12.08388,-77.02818
-12.08396,-77.0282
-12.08403,-77.02823
-12.08417,-77.02829
-12.08433,-77.02838
-12.08444,-77.02843
-12.08485,-77.02847
-12.08527,-77.02851
-12.08527,-77.02851
-12.08553,-77.02854
-12.08567,-77.02856
-12.0861,-77.02867
-12.08641,-77.02875
-12.08668,-77.02883
-12.08697,-77.02891
-12.08733,-77.02901
-12.08808,-77.02922
-12.08843,-77.02932
-12.08897,-77.02945
-12.08897,-77.02945
-12.08925,-77.02952
-12.09007,-77.02975
-12.09078,-77.02997
-12.09098,-77.03003
-12.09111,-77.03009
-12.09135,-77.03018
-12.09147,-77.03022
-12.09154,-77.03023
-12.09154,-77.03023
-12.09161,-77.03024
-12.09177,-77.0303
-12.09191,-77.03033
-12.09189,-77.0302
-12.09188,-77.03011
-12.09185,-77.02994
-12.09178,-77.02942
-12.09162,-77.02814
-12.09149,-77.02723
-12.09147,-77.02703
-12.09144,-77.02689
-12.09134,-77.02619
-12.09134,-77.02619
-12.09119,-77.02528
-12.09119,-77.02528
-12.09121,-77.02481
-12.09121,-77.02481
-12.09108,-77.02394
-12.09108,-77.02394
-12.09111,-77.02386
-12.09111,-77.02386
-12.09125,-77.02373
-12.09125,-77.02373
-12.092,-77.0236
-12.092,-77.0236
-12.09212,-77.02359
-12.09217,-77.02359
-12.09225,-77.02358
-12.09241,-77.02356
-12.09257,-77.02354
-12.09266,-77.02354
-12.09272,-77.02354
-12.09272,-77.02354
-12.09277,-77.02355
-12.09285,-77.02357
-12.09345,-77.02384
-12.09345,-77.02384